01|000000865694|T	04.170	00.956	00.987	00.997	00.997	01.000	0
01|000000900522|C	05.320	00.758	00.021	00.998	00.925	00.999	0
01|000000978974|A	04.120	00.970	00.492	00.998	01.000	00.286	0
01|000001848197|C	02.660	01.000	00.980	00.997	01.000	00.847	0
01|000002234791|T	02.690	00.630	00.000	00.945	00.699	00.498	0
01|000008022923|A	04.860	00.980	00.935	00.999	01.000	01.000	1
01|000008025485|C	05.330	00.310	00.000	01.000	00.997	00.438	1
01|000008045041|C	04.260	01.000	01.000	00.995	01.000	01.000	1
01|000011082325|A	05.460	00.950	00.076	01.000	01.000	00.999	1
01|000011082347|T	05.460	00.490	00.024	01.000	01.000	00.972	1
